
2 2.003672e-03 1.941208e-03 3.12 3.031502e-02 2.933145e-02 3.24
3 2.377730e-03 2.284326e-03 3.93 3.738968e-02 3.603820e-02 3.61
5 2.032282e-03 2.111548e-03 3.90 3.797631e-02 3.631166e-02 4.38
6 2.578889e-03 2.610453e-03 1.22 4.573407e-02 4.439143e-02 2.94
10 1.924254e-03 1.960041e-03 1.86 3.384295e-02 3.340631e-02 1.29
12 1.993024e-03 2.020983e-03 1.40 3.684027e-02 3.603999e-02 2.17
15 2.512065e-03 2.478901e-03 1.32 4.287502e-02 4.105634e-02 4.24
18 2.441980e-03 2.455473e-03 0.55 4.685380e-02 4.568981e-02 2.48
21 1.908341e-03 1.909802e-03 0.08 2.615665e-02 2.580924e-02 1.33
22 2.023109e-03 1.969586e-03 2.65 3.415075e-02 3.249653e-02 4.84
24 1.688381e-03 1.663134e-03 1.50 2.151227e-02 2.136907e-02 0.67
25 2.362520e-03 2.410903e-03 2.05 4.241032e-02 4.174438e-02 1.57
26 1.979205e-03 1.964505e-03 0.74 3.295133e-02 3.173831e-02 3.68
28 1.871969e-03 1.848907e-03 1.23 3.171179e-02 3.031461e-02 4.41
30 2.436592e-03 2.405619e-03 1.27 4.319997e-02 4.123848e-02 4.54
34 1.783689e-03 1.774301e-03 0.53 2.937169e-02 2.878255e-02 2.01
36 2.567718e-03 2.596508e-03 1.12 4.644792e-02 4.513171e-02 2.83
40 1.900260e-03 1.944556e-03 2.33 3.422937e-02 3.355239e-02 1.98
42 2.404433e-03 2.395066e-03 0.39 4.716046e-02 4.500469e-02 4.57
45 2.375502e-03 2.394031e-03 0.78 4.459406e-02 4.257838e-02 4.52
47 2.431039e-03 2.408567e-03 0.92 4.242602e-02 4.140153e-02 2.41
51 1.559340e-03 1.542249e-03 1.10 2.276634e-02 2.262849e-02 0.61
53 1.851638e-03 1.774287e-03 4.18 3.041943e-02 2.934580e-02 3.53
54 1.998900e-03 2.034869e-03 1.80 3.495236e-02 3.332918e-02 4.64
55 2.684609e-03 2.666605e-03 0.67 5.037009e-02 4.835618e-02 4.00
57 2.427633e-03 2.389420e-03 1.57 4.120010e-02 3.985612e-02 3.26
58 1.887708e-03 1.826303e-03 3.25 3.021520e-02 2.889780e-02 4.36
64 2.244957e-03 2.228109e-03 0.75 4.335692e-02 4.208104e-02 2.94
65 2.510138e-03 2.472430e-03 1.50 4.455311e-02 4.278533e-02 3.97
66 2.536507e-03 2.574513e-03 1.50 4.399128e-02 4.307394e-02 2.09
68 2.294145e-03 2.245013e-03 2.14 4.173408e-02 4.076500e-02 2.32
70 2.506734e-03 2.494114e-03 0.50 4.427488e-02 4.307765e-02 2.70
72 2.370812e-03 2.372459e-03 0.07 3.943373e-02 3.820430e-02 3.12
79 1.965420e-03 1.999104e-03 1.71 3.078246e-02 3.017826e-02 1.96
80 2.750190e-03 2.709513e-03 1.48 5.019154e-02 4.797374e-02 4.42
81 2.476360e-03 2.467644e-03 0.35 4.769662e-02 4.632374e-02 2.88
82 2.743882e-03 2.692630e-03 1.87 5.158588e-02 4.947891e-02 4.08
85 2.689296e-03 2.662212e-03 1.01 4.810652e-02 4.581869e-02 4.76
88 1.992080e-03 1.941926e-03 2.52 3.368611e-02 3.355098e-02 0.40
89 1.921858e-03 2.016482e-03 4.92 3.168157e-02 3.204900e-02 1.16
92 2.181743e-03 2.132260e-03 2.27 3.471148e-02 3.318513e-02 4.40
98 2.306942e-03 2.235067e-03 3.12 3.945032e-02 3.843900e-02 2.56
102 2.371706e-03 2.436469e-03 2.73 4.369035e-02 4.158788e-02 4.81
106 2.536660e-03 2.560518e-03 0.94 4.494562e-02 4.332424e-02 3.61
110 2.560328e-03 2.546669e-03 0.53 4.110389e-02 4.066214e-02 1.07
111 2.203234e-03 2.250748e-03 2.16 3.774229e-02 3.652546e-02 3.22
113 2.064900e-03 2.069945e-03 0.24 3.741002e-02 3.666230e-02 2.00
115 1.999812e-03 1.977071e-03 1.14 3.348654e-02 3.210412e-02 4.13
121 2.396185e-03 2.387425e-03 0.37 4.351338e-02 4.215464e-02 3.12
122 2.318791e-03 2.305987e-03 0.55 4.197518e-02 4.013353e-02 4.39
123 2.310870e-03 2.398718e-03 3.80 4.336155e-02 4.331122e-02 0.12
125 2.238944e-03 2.230123e-03 0.39 4.223927e-02 4.054720e-02 4.01
127 1.828668e-03 1.799815e-03 1.58 3.109226e-02 3.007226e-02 3.28
133 2.025716e-03 2.055238e-03 1.46 3.378487e-02 3.291305e-02 2.58
134 2.315454e-03 2.390009e-03 3.22 4.087207e-02 4.105661e-02 0.45
136 1.745446e-03 1.790956e-03 2.61 2.620320e-02 2.585527e-02 1.33
137 2.758283e-03 2.711364e-03 1.70 5.084938e-02 4.908802e-02 3.46
143 2.179686e-03 2.168940e-03 0.49 3.637075e-02 3.540430e-02 2.66
144 2.510286e-03 2.578905e-03 2.73 4.724281e-02 4.533463e-02 4.04
147 1.939683e-03 1.903668e-03 1.86 3.228958e-02 3.176700e-02 1.62
148 2.437462e-03 2.473561e-03 1.48 4.401584e-02 4.335406e-02 1.50
149 1.795308e-03 1.795359e-03 0.00 2.940140e-02 2.898479e-02 1.42
153 2.570204e-03 2.541953e-03 1.10 4.587690e-02 4.465386e-02 2.67
155 2.886743e-03 2.920393e-03 1.17 5.611628e-02 5.331583e-02 4.99
156 2.398452e-03 2.458828e-03 2.52 4.110043e-02 4.100130e-02 0.24
165 2.098258e-03 2.105711e-03 0.36 4.054588e-02 3.909125e-02 3.59
166 1.977865e-03 1.923574e-03 2.74 3.190868e-02 3.174094e-02 0.53
168 2.031965e-03 1.987240e-03 2.20 3.527440e-02 3.405758e-02 3.45
173 2.169057e-03 2.256826e-03 4.05 3.564845e-02 3.615364e-02 1.42
181 1.775342e-03 1.795508e-03 1.14 2.955637e-02 2.882465e-02 2.48
183 2.771932e-03 2.800605e-03 1.03 4.832607e-02 4.772229e-02 1.25
185 2.708105e-03 2.730543e-03 0.83 5.257172e-02 5.044829e-02 4.04
186 1.838317e-03 1.841504e-03 0.17 2.600418e-02 2.517676e-02 3.18
192 2.559057e-03 2.517963e-03 1.61 4.516152e-02 4.325728e-02 4.22
195 2.195136e-03 2.181550e-03 0.62 4.120819e-02 3.936747e-02 4.47
196 2.728208e-03 2.628615e-03 3.65 5.467019e-02 5.197713e-02 4.93
200 2.768107e-03 2.739042e-03 1.05 5.046275e-02 4.831337e-02 4.26
202 1.842929e-03 1.785225e-03 3.13 3.054884e-02 2.917346e-02 4.50
203 2.073018e-03 2.079122e-03 0.29 3.511638e-02 3.432094e-02 2.27
210 1.915536e-03 1.947285e-03 1.66 3.286108e-02 3.230959e-02 1.68
212 2.210245e-03 2.209233e-03 0.05 3.802252e-02 3.835874e-02 0.88
214 1.912712e-03 1.950283e-03 1.96 3.362189e-02 3.241376e-02 3.59
221 2.528133e-03 2.550357e-03 0.88 4.634028e-02 4.411925e-02 4.79
222 2.342349e-03 2.329975e-03 0.53 4.191193e-02 4.056345e-02 3.22
223 2.112333e-03 2.097746e-03 0.69 3.053822e-02 2.979463e-02 2.43
226 1.980260e-03 1.985613e-03 0.27 3.353256e-02 3.192960e-02 4.78
230 1.948656e-03 1.936671e-03 0.62 3.461805e-02 3.357134e-02 3.02
231 2.158914e-03 2.146372e-03 0.58 3.810685e-02 3.704354e-02 2.79
232 2.405338e-03 2.432088e-03 1.11 3.923963e-02 3.876008e-02 1.22
234 2.082769e-03 2.089146e-03 0.31 3.021658e-02 2.944503e-02 2.55
235 1.889380e-03 1.898553e-03 0.49 3.493446e-02 3.406531e-02 2.49
237 2.643948e-03 2.598637e-03 1.71 4.521555e-02 4.347773e-02 3.84
240 2.320201e-03 2.348180e-03 1.21 4.290583e-02 4.149396e-02 3.29
241 1.574971e-03 1.576661e-03 0.11 2.731541e-02 2.643181e-02 3.23
242 2.141444e-03 2.183199e-03 1.95 3.984951e-02 3.819249e-02 4.16
243 2.592098e-03 2.594238e-03 0.08 4.713270e-02 4.518854e-02 4.12
245 1.760606e-03 1.766067e-03 0.31 2.816901e-02 2.704985e-02 3.97
251 2.717021e-03 2.679237e-03 1.39 4.920638e-02 4.759443e-02 3.28
252 2.711882e-03 2.687534e-03 0.90 4.726206e-02 4.533580e-02 4.08
259 2.237037e-03 2.254951e-03 0.80 4.181269e-02 3.981741e-02 4.77
260 2.145451e-03 2.201273e-03 2.60 3.752238e-02 3.718028e-02 0.91
261 2.832007e-03 2.736178e-03 3.38 5.144023e-02 4.897229e-02 4.80
263 2.011866e-03 2.004187e-03 0.38 3.279691e-02 3.189877e-02 2.74
264 2.671756e-03 2.568411e-03 3.87 4.402321e-02 4.282981e-02 2.71
269 2.277129e-03 2.317888e-03 1.79 4.151041e-02 3.972431e-02 4.30
271 1.759843e-03 1.791366e-03 1.79 2.895420e-02 2.756451e-02 4.80
273 1.702534e-03 1.715802e-03 0.78 2.815759e-02 2.674951e-02 5.00
276 2.060723e-03 2.036146e-03 1.19 3.451792e-02 3.348845e-02 2.98
277 2.339619e-03 2.393588e-03 2.31 4.530902e-02 4.378889e-02 3.36
278 1.739126e-03 1.770979e-03 1.83 3.006143e-02 2.983355e-02 0.76
279 2.729599e-03 2.670568e-03 2.16 4.759192e-02 4.544671e-02 4.51
281 2.201341e-03 2.233319e-03 1.45 3.911581e-02 3.782416e-02 3.30
290 2.617597e-03 2.660092e-03 1.62 4.675928e-02 4.518560e-02 3.37
291 2.181081e-03 2.210866e-03 1.37 3.953879e-02 3.794018e-02 4.04
293 2.004204e-03 1.999508e-03 0.23 3.640209e-02 3.501019e-02 3.82
300 2.654493e-03 2.543612e-03 4.18 4.646720e-02 4.473618e-02 3.73
304 2.516400e-03 2.576338e-03 2.38 4.847599e-02 4.660658e-02 3.86
307 2.033693e-03 1.954238e-03 3.91 3.571146e-02 3.432215e-02 3.89
309 2.213691e-03 2.212886e-03 0.04 3.960185e-02 3.783509e-02 4.46
320 2.240989e-03 2.231823e-03 0.41 3.925381e-02 3.877936e-02 1.21
323 2.376711e-03 2.461583e-03 3.57 3.851975e-02 3.830034e-02 0.57
327 2.258222e-03 2.225901e-03 1.43 3.792855e-02 3.659165e-02 3.52
329 2.605043e-03 2.502247e-03 3.95 4.478487e-02 4.304356e-02 3.89
330 2.236671e-03 2.262816e-03 1.17 4.073453e-02 3.884956e-02 4.63
331 2.673046e-03 2.639817e-03 1.24 5.189090e-02 4.963287e-02 4.35
334 2.966993e-03 2.919408e-03 1.60 5.732036e-02 5.451212e-02 4.90
335 2.582023e-03 2.551115e-03 1.20 4.716602e-02 4.535942e-02 3.83
338 1.934247e-03 1.932728e-03 0.08 3.517653e-02 3.387723e-02 3.69
339 2.873763e-03 2.805833e-03 2.36 5.567012e-02 5.301312e-02 4.77
342 1.609499e-03 1.607182e-03 0.14 2.338333e-02 2.240976e-02 4.16
344 2.250278e-03 2.249361e-03 0.04 3.986431e-02 3.842265e-02 3.62
345 2.242986e-03 2.211685e-03 1.40 3.972518e-02 3.867946e-02 2.63
348 2.088369e-03 2.079529e-03 0.42 3.368415e-02 3.231588e-02 4.06
351 2.590471e-03 2.563451e-03 1.04 4.592392e-02 4.495007e-02 2.12
352 2.642852e-03 2.635257e-03 0.29 4.810812e-02 4.742645e-02 1.42
355 2.651225e-03 2.612367e-03 1.47 4.702858e-02 4.520949e-02 3.87
358 2.125401e-03 2.126154e-03 0.04 3.642809e-02 3.559756e-02 2.28
364 2.296114e-03 2.238621e-03 2.50 3.950953e-02 3.795766e-02 3.93
370 1.962542e-03 1.984232e-03 1.11 3.646318e-02 3.580323e-02 1.81
374 2.358474e-03 2.333761e-03 1.05 4.159060e-02 3.980360e-02 4.30
375 2.618078e-03 2.549006e-03 2.64 4.783252e-02 4.696878e-02 1.81
376 2.323950e-03 2.346605e-03 0.97 4.189975e-02 4.047276e-02 3.41
378 2.721411e-03 2.770465e-03 1.80 5.199212e-02 4.990930e-02 4.01
379 2.755008e-03 2.669868e-03 3.09 5.077363e-02 4.833879e-02 4.80
380 2.133313e-03 2.153036e-03 0.92 3.670181e-02 3.661875e-02 0.23
382 2.846017e-03 2.794396e-03 1.81 4.879667e-02 4.716053e-02 3.35
384 2.491240e-03 2.433693e-03 2.31 4.096468e-02 4.008825e-02 2.14
385 2.633726e-03 2.651507e-03 0.68 4.463542e-02 4.385125e-02 1.76
389 2.283994e-03 2.283754e-03 0.01 3.509794e-02 3.462848e-02 1.34
400 2.238985e-03 2.258261e-03 0.86 3.857127e-02 3.805621e-02 1.34
403 2.404083e-03 2.422177e-03 0.75 4.321861e-02 4.182843e-02 3.22
405 2.054461e-03 2.062029e-03 0.37 3.651545e-02 3.572313e-02 2.17
406 1.682064e-03 1.668268e-03 0.82 2.372367e-02 2.306292e-02 2.79
408 2.268623e-03 2.250837e-03 0.78 3.752099e-02 3.629412e-02 3.27
414 2.000165e-03 1.989001e-03 0.56 3.682833e-02 3.540358e-02 3.87
415 2.425914e-03 2.378436e-03 1.96 4.483168e-02 4.299858e-02 4.09
416 2.547598e-03 2.482418e-03 2.56 4.809451e-02 4.570277e-02 4.97
420 1.904953e-03 1.905067e-03 0.01 3.365562e-02 3.203151e-02 4.83
422 2.378536e-03 2.362591e-03 0.67 4.399543e-02 4.325018e-02 1.69
426 1.920537e-03 1.931569e-03 0.57 3.119773e-02 2.998873e-02 3.88
433 2.172626e-03 2.205729e-03 1.52 3.688216e-02 3.788305e-02 2.71
434 2.103484e-03 2.059587e-03 2.09 3.421131e-02 3.250544e-02 4.99
436 2.107566e-03 2.129937e-03 1.06 3.720875e-02 3.672137e-02 1.31
437 2.718222e-03 2.732722e-03 0.53 5.061081e-02 4.879173e-02 3.59
449 2.033614e-03 2.043983e-03 0.51 3.698754e-02 3.629390e-02 1.88
451 2.155650e-03 2.182576e-03 1.25 4.080557e-02 3.943165e-02 3.37
452 2.111356e-03 2.134520e-03 1.10 3.648502e-02 3.562018e-02 2.37
454 2.030015e-03 2.127053e-03 4.78 3.863987e-02 3.871142e-02 0.19
457 2.648601e-03 2.574280e-03 2.81 4.627878e-02 4.405620e-02 4.80
459 2.658637e-03 2.677096e-03 0.69 4.889614e-02 4.774864e-02 2.35
460 2.147606e-03 2.126672e-03 0.97 3.503570e-02 3.424004e-02 2.27
461 1.889534e-03 1.802195e-03 4.62 3.271689e-02 3.117239e-02 4.72
463 2.115567e-03 2.163340e-03 2.26 3.736796e-02 3.652757e-02 2.25
466 2.015254e-03 2.002007e-03 0.66 3.147253e-02 3.050433e-02 3.08
468 1.850932e-03 1.908834e-03 3.13 3.185880e-02 3.203598e-02 0.56
469 2.719407e-03 2.682959e-03 1.34 5.097027e-02 4.851278e-02 4.82
470 1.590786e-03 1.541073e-03 3.13 2.511390e-02 2.465681e-02 1.82
472 1.632115e-03 1.631195e-03 0.06 2.897907e-02 2.886067e-02 0.41
474 2.980033e-03 2.973352e-03 0.22 5.451421e-02 5.236853e-02 3.94
476 2.301644e-03 2.366140e-03 2.80 4.132269e-02 4.090116e-02 1.02
480 1.864820e-03 1.885527e-03 1.11 3.145273e-02 3.059131e-02 2.74
482 2.220730e-03 2.199826e-03 0.94 3.741378e-02 3.554343e-02 5.00
483 2.169175e-03 2.160992e-03 0.38 3.780533e-02 3.700845e-02 2.11
484 2.424100e-03 2.444761e-03 0.85 3.975030e-02 3.980792e-02 0.14
488 2.875902e-03 2.756407e-03 4.16 5.391273e-02 5.136612e-02 4.72
491 2.293490e-03 2.334127e-03 1.77 4.261382e-02 4.182786e-02 1.84
492 1.810981e-03 1.801018e-03 0.55 2.982020e-02 2.879004e-02 3.45
494 2.229025e-03 2.229620e-03 0.03 3.743769e-02 3.634973e-02 2.91
497 2.265302e-03 2.225380e-03 1.76 3.947287e-02 3.814515e-02 3.36
499 2.885929e-03 2.839874e-03 1.60 5.176445e-02 4.923073e-02 4.89
500 2.599295e-03 2.596777e-03 0.10 4.719632e-02 4.504353e-02 4.56
501 2.055810e-03 2.076687e-03 1.02 3.685441e-02 3.506513e-02 4.86
502 2.002352e-03 2.054359e-03 2.60 3.152934e-02 3.053814e-02 3.14
503 2.183035e-03 2.176082e-03 0.32 3.553774e-02 3.489727e-02 1.80
504 2.325538e-03 2.364658e-03 1.68 4.382163e-02 4.289190e-02 2.12
506 2.396590e-03 2.448244e-03 2.16 4.160167e-02 4.100853e-02 1.43
507 2.414053e-03 2.402422e-03 0.48 3.984355e-02 3.945580e-02 0.97
511 1.885791e-03 1.922511e-03 1.95 3.454126e-02 3.303274e-02 4.37
513 2.762384e-03 2.653135e-03 3.95 4.772019e-02 4.808282e-02 0.76
516 2.681521e-03 2.679127e-03 0.09 4.680476e-02 4.624700e-02 1.19
517 2.108757e-03 2.088932e-03 0.94 3.989188e-02 3.798857e-02 4.77
518 1.980337e-03 2.007403e-03 1.37 3.390068e-02 3.254250e-02 4.01
525 2.057941e-03 2.071884e-03 0.68 3.603871e-02 3.492365e-02 3.09
528 2.039229e-03 2.111516e-03 3.54 4.000521e-02 3.948765e-02 1.29
533 2.484760e-03 2.531651e-03 1.89 4.385726e-02 4.228505e-02 3.58
534 2.068378e-03 2.056404e-03 0.58 3.727995e-02 3.585083e-02 3.83
541 2.149993e-03 2.187517e-03 1.75 3.907063e-02 3.814913e-02 2.36
543 2.841994e-03 2.784797e-03 2.01 5.075602e-02 4.870910e-02 4.03
545 2.409839e-03 2.466024e-03 2.33 4.622914e-02 4.416787e-02 4.46
547 2.161218e-03 2.212727e-03 2.38 3.694811e-02 3.674735e-02 0.54
549 1.983952e-03 2.006074e-03 1.12 3.259733e-02 3.189926e-02 2.14
550 1.583741e-03 1.573014e-03 0.68 2.471618e-02 2.357335e-02 4.62
552 2.793908e-03 2.773982e-03 0.71 5.161902e-02 4.936318e-02 4.37
559 1.869160e-03 1.860879e-03 0.44 3.417567e-02 3.402079e-02 0.45
564 2.007746e-03 2.042179e-03 1.71 3.070678e-02 3.013510e-02 1.86
565 2.129514e-03 2.109540e-03 0.94 3.819512e-02 3.690810e-02 3.37
569 2.033792e-03 2.030343e-03 0.17 3.403933e-02 3.375308e-02 0.84
571 2.455694e-03 2.526040e-03 2.86 4.604830e-02 4.393258e-02 4.59
574 2.126479e-03 2.112137e-03 0.67 3.364845e-02 3.260095e-02 3.11
576 1.796499e-03 1.821149e-03 1.37 2.814606e-02 2.687606e-02 4.51
578 1.843572e-03 1.790356e-03 2.89 3.106548e-02 3.024349e-02 2.65
579 1.553790e-03 1.576878e-03 1.49 2.442300e-02 2.399879e-02 1.74
580 2.663062e-03 2.689812e-03 1.00 4.656219e-02 4.579592e-02 1.65
581 2.510180e-03 2.493740e-03 0.65 4.681889e-02 4.461851e-02 4.70
582 2.467481e-03 2.459565e-03 0.32 4.702675e-02 4.477097e-02 4.80
585 2.538162e-03 2.520247e-03 0.71 4.369653e-02 4.234589e-02 3.09
586 2.717136e-03 2.661187e-03 2.06 4.941577e-02 4.707240e-02 4.74
588 2.209908e-03 2.302747e-03 4.20 4.067751e-02 3.910184e-02 3.87
589 2.092643e-03 2.102389e-03 0.47 3.721468e-02 3.653273e-02 1.83
593 2.134158e-03 2.124529e-03 0.45 3.322288e-02 3.188787e-02 4.02
594 2.428440e-03 2.431219e-03 0.11 4.404828e-02 4.260797e-02 3.27
596 2.548012e-03 2.555981e-03 0.31 4.808788e-02 4.718006e-02 1.89
599 2.376234e-03 2.436831e-03 2.55 4.303606e-02 4.190894e-02 2.62
600 2.249682e-03 2.303768e-03 2.40 3.914778e-02 3.826488e-02 2.26
606 2.074136e-03 2.047986e-03 1.26 3.574057e-02 3.457744e-02 3.25
614 2.279081e-03 2.219809e-03 2.60 4.016364e-02 3.849522e-02 4.15
617 2.779863e-03 2.769887e-03 0.36 5.292578e-02 5.109700e-02 3.46
626 2.618825e-03 2.606591e-03 0.47 4.945540e-02 4.798027e-02 2.98
628 2.345244e-03 2.324317e-03 0.89 4.350213e-02 4.170388e-02 4.13
632 2.126628e-03 2.170097e-03 2.04 3.890061e-02 3.873070e-02 0.44
641 2.119753e-03 2.038926e-03 3.81 3.494947e-02 3.366932e-02 3.66
645 1.748416e-03 1.722477e-03 1.48 2.781019e-02 2.656158e-02 4.49
654 2.308496e-03 2.284952e-03 1.02 4.057238e-02 4.043389e-02 0.34
660 2.451220e-03 2.517299e-03 2.70 4.141610e-02 4.087853e-02 1.30
664 2.034106e-03 2.068500e-03 1.69 3.668802e-02 3.563665e-02 2.87
665 2.426339e-03 2.435271e-03 0.37 4.204037e-02 4.055393e-02 3.54
667 2.026157e-03 2.074110e-03 2.37 3.424540e-02 3.407750e-02 0.49
671 1.951747e-03 1.921095e-03 1.57 3.297220e-02 3.136703e-02 4.87
672 2.151907e-03 2.109070e-03 1.99 3.392355e-02 3.358003e-02 1.01
673 2.200133e-03 2.277680e-03 3.52 4.138105e-02 4.142616e-02 0.11
677 1.991013e-03 2.042455e-03 2.58 3.350878e-02 3.295990e-02 1.64
678 2.594416e-03 2.638831e-03 1.71 4.836782e-02 4.653831e-02 3.78
679 2.344328e-03 2.381072e-03 1.57 3.928987e-02 3.891340e-02 0.96
681 1.773147e-03 1.809692e-03 2.06 3.008132e-02 3.002102e-02 0.20
682 2.675836e-03 2.641024e-03 1.30 5.084142e-02 4.885643e-02 3.90
683 1.979220e-03 1.985989e-03 0.34 3.613172e-02 3.483224e-02 3.60
684 1.421777e-03 1.416465e-03 0.37 2.100135e-02 2.038001e-02 2.96
685 2.679800e-03 2.654835e-03 0.93 5.187954e-02 4.979929e-02 4.01
688 1.916186e-03 1.932107e-03 0.83 3.330936e-02 3.178148e-02 4.59
690 2.731640e-03 2.647753e-03 3.07 4.955985e-02 4.819157e-02 2.76
695 2.265199e-03 2.241212e-03 1.06 3.766106e-02 3.721713e-02 1.18
696 2.421296e-03 2.375789e-03 1.88 4.147704e-02 3.947405e-02 4.83
697 1.860211e-03 1.912855e-03 2.83 3.615311e-02 3.536650e-02 2.18
700 2.006213e-03 2.106154e-03 4.98 3.745586e-02 3.715457e-02 0.80
703 2.052385e-03 2.044243e-03 0.40 3.609159e-02 3.537416e-02 1.99
706 2.018781e-03 1.989517e-03 1.45 3.439627e-02 3.285359e-02 4.49
709 2.458740e-03 2.449051e-03 0.39 4.165843e-02 3.971625e-02 4.66
711 2.481347e-03 2.488317e-03 0.28 4.284685e-02 4.120346e-02 3.84
713 2.670979e-03 2.678289e-03 0.27 4.949767e-02 4.721757e-02 4.61
717 1.930263e-03 1.899694e-03 1.58 3.123198e-02 3.035944e-02 2.79
719 2.503510e-03 2.466270e-03 1.49 4.340451e-02 4.141963e-02 4.57
722 1.690714e-03 1.623975e-03 3.95 2.957840e-02 2.903317e-02 1.84
734 2.201005e-03 2.177154e-03 1.08 3.911437e-02 3.717909e-02 4.95
737 2.038125e-03 1.991020e-03 2.31 3.414018e-02 3.248132e-02 4.86
742 2.305153e-03 2.313697e-03 0.37 4.189405e-02 4.050750e-02 3.31
744 2.392199e-03 2.353855e-03 1.60 4.094610e-02 3.895879e-02 4.85
745 2.744616e-03 2.737485e-03 0.26 4.778895e-02 4.628612e-02 3.14
750 2.725191e-03 2.718613e-03 0.24 5.098060e-02 4.889215e-02 4.10
751 1.678609e-03 1.685782e-03 0.43 2.379879e-02 2.325301e-02 2.29
752 2.194616e-03 2.200641e-03 0.27 3.625884e-02 3.574724e-02 1.41
755 1.894735e-03 1.869345e-03 1.34 3.232633e-02 3.072434e-02 4.96
758 2.512322e-03 2.566405e-03 2.15 4.727130e-02 4.664236e-02 1.33
760 2.391890e-03 2.357798e-03 1.43 4.005063e-02 3.879588e-02 3.13
762 2.624752e-03 2.621120e-03 0.14 5.025016e-02 4.842211e-02 3.64
764 2.333808e-03 2.388076e-03 2.33 3.933617e-02 3.917456e-02 0.41
768 2.092949e-03 2.099590e-03 0.32 3.986618e-02 3.793926e-02 4.83
772 2.082788e-03 2.120267e-03 1.80 3.707039e-02 3.604881e-02 2.76
775 2.098260e-03 2.069875e-03 1.35 3.610687e-02 3.476960e-02 3.70
776 1.976462e-03 2.039919e-03 3.21 3.566297e-02 3.569756e-02 0.10
777 2.726554e-03 2.706213e-03 0.75 5.178760e-02 4.920036e-02 5.00
780 2.458873e-03 2.478621e-03 0.80 4.084673e-02 4.033456e-02 1.25
781 2.082872e-03 2.111002e-03 1.35 3.656314e-02 3.500205e-02 4.27
782 1.879285e-03 1.903699e-03 1.30 3.372450e-02 3.318854e-02 1.59
783 2.076660e-03 2.070527e-03 0.30 3.425697e-02 3.320228e-02 3.08
784 2.957522e-03 2.837076e-03 4.07 5.384392e-02 5.137217e-02 4.59
786 1.937758e-03 1.984046e-03 2.39 3.566578e-02 3.555826e-02 0.30
789 1.868789e-03 1.915227e-03 2.48 3.346726e-02 3.187751e-02 4.75
790 1.660736e-03 1.597184e-03 3.83 2.453961e-02 2.441572e-02 0.50
795 2.633808e-03 2.635915e-03 0.08 4.645485e-02 4.524613e-02 2.60
797 2.201160e-03 2.241740e-03 1.84 4.016863e-02 3.864896e-02 3.78
799 2.726113e-03 2.640184e-03 3.15 5.261759e-02 5.012271e-02 4.74
801 2.099664e-03 2.080311e-03 0.92 3.733527e-02 3.589075e-02 3.87
802 2.079896e-03 2.076075e-03 0.18 3.757470e-02 3.653783e-02 2.76
803 2.661951e-03 2.657014e-03 0.19 4.861281e-02 4.618895e-02 4.99
807 2.683988e-03 2.685032e-03 0.04 5.062351e-02 4.872425e-02 3.75
808 2.102651e-03 2.116738e-03 0.67 3.543343e-02 3.426466e-02 3.30
812 2.297478e-03 2.321301e-03 1.04 4.109122e-02 3.974784e-02 3.27
813 2.107304e-03 2.121227e-03 0.66 3.411036e-02 3.242382e-02 4.94
815 2.101764e-03 2.133444e-03 1.51 3.667999e-02 3.597316e-02 1.93
817 2.764727e-03 2.754964e-03 0.35 5.143372e-02 4.967106e-02 3.43
818 2.171619e-03 2.174992e-03 0.16 3.571409e-02 3.484707e-02 2.43
825 2.480461e-03 2.441907e-03 1.55 4.362500e-02 4.222033e-02 3.22
826 2.360395e-03 2.382913e-03 0.95 4.468945e-02 4.305155e-02 3.67
828 2.753586e-03 2.687444e-03 2.40 5.087409e-02 4.883117e-02 4.02
829 2.124114e-03 2.119413e-03 0.22 3.612914e-02 3.531483e-02 2.25
831 1.652824e-03 1.613261e-03 2.39 2.708682e-02 2.578077e-02 4.82
832 2.498259e-03 2.518030e-03 0.79 4.535298e-02 4.315624e-02 4.84
833 2.025214e-03 2.033818e-03 0.42 3.885795e-02 3.698423e-02 4.82
835 2.303477e-03 2.275420e-03 1.22 4.119582e-02 3.987894e-02 3.20
836 1.445227e-03 1.448041e-03 0.19 1.633345e-02 1.552766e-02 4.93
839 2.110017e-03 2.081134e-03 1.37 3.887870e-02 3.851096e-02 0.95
849 2.215042e-03 2.298845e-03 3.78 3.836011e-02 3.807421e-02 0.75
850 1.725250e-03 1.685193e-03 2.32 2.472529e-02 2.410446e-02 2.51
853 2.518808e-03 2.425909e-03 3.69 4.643585e-02 4.537773e-02 2.28
854 2.266276e-03 2.325743e-03 2.62 4.089332e-02 3.963824e-02 3.07
856 2.037761e-03 2.054050e-03 0.80 3.740917e-02 3.619694e-02 3.24
857 2.293251e-03 2.364142e-03 3.09 4.371616e-02 4.182114e-02 4.33
858 2.260609e-03 2.239262e-03 0.94 3.699155e-02 3.719576e-02 0.55
861 2.475821e-03 2.491047e-03 0.61 4.503494e-02 4.283297e-02 4.89
862 2.662078e-03 2.680202e-03 0.68 5.165072e-02 5.016182e-02 2.88
863 2.155155e-03 2.121038e-03 1.58 3.911618e-02 3.794193e-02 3.00
866 1.464230e-03 1.431633e-03 2.23 2.180648e-02 2.125348e-02 2.54
868 2.565763e-03 2.600776e-03 1.36 4.903565e-02 4.688581e-02 4.38
872 1.943513e-03 1.882945e-03 3.12 3.284650e-02 3.134837e-02 4.56
874 2.172966e-03 2.162011e-03 0.50 3.737531e-02 3.587046e-02 4.03
876 2.345176e-03 2.335907e-03 0.40 3.987365e-02 3.822604e-02 4.13
879 1.934266e-03 1.983984e-03 2.57 3.326969e-02 3.288583e-02 1.15
880 2.351684e-03 2.381707e-03 1.28 4.443203e-02 4.251206e-02 4.32
881 2.012203e-03 1.991838e-03 1.01 3.307297e-02 3.197402e-02 3.32
882 2.454792e-03 2.549409e-03 3.85 4.578077e-02 4.526280e-02 1.13
883 2.057051e-03 2.053005e-03 0.20 3.694498e-02 3.601802e-02 2.51
885 2.641528e-03 2.591039e-03 1.91 4.737093e-02 4.578460e-02 3.35
886 2.484435e-03 2.533641e-03 1.98 4.491946e-02 4.360454e-02 2.93
888 2.589117e-03 2.574265e-03 0.57 4.431849e-02 4.297853e-02 3.02
891 2.032689e-03 2.087853e-03 2.71 3.639181e-02 3.698386e-02 1.63
892 2.300284e-03 2.349188e-03 2.13 4.097926e-02 4.018973e-02 1.93
893 2.304679e-03 2.322182e-03 0.76 4.102969e-02 3.996466e-02 2.60
894 2.327162e-03 2.389421e-03 2.68 4.301302e-02 4.108573e-02 4.48
897 1.952146e-03 1.900321e-03 2.65 3.562407e-02 3.406779e-02 4.37
900 2.786773e-03 2.762594e-03 0.87 4.849513e-02 4.619955e-02 4.73
905 2.128010e-03 2.115782e-03 0.57 3.887130e-02 3.709676e-02 4.57
909 1.592788e-03 1.576312e-03 1.03 2.583879e-02 2.515554e-02 2.64
910 1.776176e-03 1.770129e-03 0.34 2.422200e-02 2.370502e-02 2.13
911 2.332753e-03 2.312725e-03 0.86 4.096791e-02 3.994964e-02 2.49
914 1.412179e-03 1.367481e-03 3.17 1.962545e-02 1.868865e-02 4.77
918 2.397284e-03 2.422370e-03 1.05 4.469876e-02 4.335796e-02 3.00
921 2.488728e-03 2.481321e-03 0.30 4.567904e-02 4.441318e-02 2.77
924 2.642250e-03 2.701460e-03 2.24 4.957792e-02 4.901784e-02 1.13
928 2.483990e-03 2.511458e-03 1.11 4.409126e-02 4.392538e-02 0.38
931 2.415182e-03 2.486379e-03 2.95 4.402902e-02 4.353791e-02 1.12
935 2.678936e-03 2.668073e-03 0.41 4.831492e-02 4.696818e-02 2.79
940 2.165596e-03 2.117968e-03 2.20 3.690615e-02 3.600626e-02 2.44
944 2.407472e-03 2.399902e-03 0.31 4.044331e-02 3.905748e-02 3.43
946 2.486874e-03 2.484982e-03 0.08 4.313387e-02 4.261606e-02 1.20
951 2.495659e-03 2.557832e-03 2.49 4.771872e-02 4.636015e-02 2.85
952 2.397535e-03 2.346425e-03 2.13 4.389312e-02 4.206466e-02 4.17
954 2.247645e-03 2.208684e-03 1.73 3.585757e-02 3.461006e-02 3.48
958 1.849644e-03 1.856436e-03 0.37 3.116236e-02 3.046804e-02 2.23
959 2.585647e-03 2.541283e-03 1.72 4.716785e-02 4.504654e-02 4.50
961 1.861390e-03 1.846544e-03 0.80 3.229191e-02 3.106080e-02 3.81
965 2.420978e-03 2.412770e-03 0.34 4.424667e-02 4.277083e-02 3.34
968 1.831260e-03 1.810611e-03 1.13 2.951557e-02 2.822034e-02 4.39
969 2.505610e-03 2.605209e-03 3.98 4.623270e-02 4.574894e-02 1.05
970 2.621549e-03 2.662323e-03 1.56 4.952580e-02 4.760231e-02 3.88
974 1.959979e-03 1.915436e-03 2.27 2.988513e-02 2.853283e-02 4.52
982 2.399237e-03 2.398400e-03 0.03 4.236723e-02 4.107898e-02 3.04
986 2.400098e-03 2.286699e-03 4.72 4.090914e-02 3.978324e-02 2.75
988 2.628615e-03 2.661752e-03 1.26 5.087308e-02 4.867579e-02 4.32
996 1.638804e-03 1.615314e-03 1.43 2.337114e-02 2.284505e-02 2.25
999 2.469542e-03 2.484444e-03 0.60 4.571813e-02 4.391544e-02 3.94
1001 2.171680e-03 2.115630e-03 2.58 3.584968e-02 3.449420e-02 3.78
1005 2.265944e-03 2.267053e-03 0.05 3.707394e-02 3.608677e-02 2.66
1006 1.674291e-03 1.663006e-03 0.67 2.721279e-02 2.672538e-02 1.79
1012 2.389836e-03 2.416127e-03 1.10 4.190197e-02 4.055308e-02 3.22
1014 2.286902e-03 2.317596e-03 1.34 4.141873e-02 4.067377e-02 1.80
1023 1.791070e-03 1.728838e-03 3.47 3.063758e-02 2.926404e-02 4.48
1024 2.377936e-03 2.350585e-03 1.15 4.167123e-02 4.055522e-02 2.68
1026 1.903488e-03 1.887326e-03 0.85 3.092851e-02 2.985494e-02 3.47
1032 2.027214e-03 2.077347e-03 2.47 3.251712e-02 3.190539e-02 1.88
1037 2.058585e-03 2.071403e-03 0.62 3.770423e-02 3.652981e-02 3.11
1038 2.561673e-03 2.606868e-03 1.76 4.625450e-02 4.432587e-02 4.17
1039 1.984957e-03 1.985762e-03 0.04 3.314994e-02 3.189992e-02 3.77
1043 2.669637e-03 2.622810e-03 1.75 5.064815e-02 4.892612e-02 3.40
1045 2.630973e-03 2.685238e-03 2.06 4.874482e-02 4.686368e-02 3.86
1046 2.319354e-03 2.385005e-03 2.83 4.505837e-02 4.288915e-02 4.81
1048 2.050403e-03 2.008450e-03 2.05 3.432382e-02 3.435605e-02 0.09
1050 2.449646e-03 2.439092e-03 0.43 4.439807e-02 4.249547e-02 4.29
1054 2.215947e-03 2.215724e-03 0.01 3.939796e-02 3.863606e-02 1.93
1056 2.028387e-03 2.037048e-03 0.43 3.477476e-02 3.306997e-02 4.90
1057 2.246241e-03 2.309786e-03 2.83 3.943719e-02 3.968400e-02 0.63
1059 1.772209e-03 1.854913e-03 4.67 2.956906e-02 3.053703e-02 3.27
1061 2.302696e-03 2.382240e-03 3.45 4.217645e-02 4.172103e-02 1.08
1062 2.601068e-03 2.571862e-03 1.12 4.608781e-02 4.392433e-02 4.69
1063 2.021106e-03 2.039644e-03 0.92 3.447681e-02 3.275143e-02 5.00
1064 1.819595e-03 1.800569e-03 1.05 2.874211e-02 2.783750e-02 3.15
1065 2.487459e-03 2.472631e-03 0.60 4.384304e-02 4.241534e-02 3.26
1069 2.719084e-03 2.638865e-03 2.95 4.813183e-02 4.584913e-02 4.74
1072 2.235429e-03 2.283918e-03 2.17 4.119916e-02 3.968507e-02 3.68
1076 2.326995e-03 2.389477e-03 2.69 4.043627e-02 4.158112e-02 2.83
1077 1.722241e-03 1.658071e-03 3.73 2.618769e-02 2.545247e-02 2.81
1090 2.426512e-03 2.325562e-03 4.16 4.556086e-02 4.533101e-02 0.50
1091 2.760921e-03 2.800106e-03 1.42 5.386059e-02 5.137410e-02 4.62
1096 2.173951e-03 2.175618e-03 0.08 3.792413e-02 3.666418e-02 3.32
1097 2.385462e-03 2.294553e-03 3.81 4.150545e-02 3.973341e-02 4.27
1100 2.811384e-03 2.837291e-03 0.92 5.405840e-02 5.157069e-02 4.60
1101 2.324768e-03 2.341249e-03 0.71 4.345390e-02 4.142900e-02 4.66
1103 2.327443e-03 2.424843e-03 4.18 4.418289e-02 4.435191e-02 0.38
1104 2.252914e-03 2.334953e-03 3.64 3.920218e-02 3.922334e-02 0.05
1105 2.389141e-03 2.410308e-03 0.89 4.002829e-02 3.926975e-02 1.89
1107 2.319591e-03 2.311304e-03 0.36 3.935233e-02 3.744299e-02 4.85
1109 2.494227e-03 2.519250e-03 1.00 4.549583e-02 4.364773e-02 4.06
1110 2.451329e-03 2.453210e-03 0.08 4.391240e-02 4.227427e-02 3.73
1112 2.649073e-03 2.659660e-03 0.40 4.829124e-02 4.742721e-02 1.79
1114 2.282023e-03 2.287703e-03 0.25 4.366497e-02 4.167501e-02 4.56
1116 1.796378e-03 1.846887e-03 2.81 3.167818e-02 3.140323e-02 0.87
1117 1.970639e-03 2.007494e-03 1.87 3.390418e-02 3.350306e-02 1.18
1118 2.177013e-03 2.215058e-03 1.75 3.671075e-02 3.562325e-02 2.96
1119 2.151271e-03 2.235192e-03 3.90 3.764288e-02 3.728482e-02 0.95
1121 1.788511e-03 1.818246e-03 1.66 3.068376e-02 2.998422e-02 2.28
1122 2.543901e-03 2.503812e-03 1.58 4.685616e-02 4.511709e-02 3.71
1123 2.442841e-03 2.445591e-03 0.11 4.342169e-02 4.178537e-02 3.77
1126 2.170101e-03 2.225681e-03 2.56 3.749041e-02 3.676898e-02 1.92
1127 2.399265e-03 2.387766e-03 0.48 4.171387e-02 4.044759e-02 3.04
1131 2.487361e-03 2.472974e-03 0.58 4.518003e-02 4.311159e-02 4.58
1133 2.540581e-03 2.460032e-03 3.17 4.304918e-02 4.254616e-02 1.17
1135 2.150196e-03 2.148827e-03 0.06 3.873721e-02 3.828418e-02 1.17
1137 2.244035e-03 2.325003e-03 3.61 4.012214e-02 4.086298e-02 1.85
1138 1.977982e-03 1.928847e-03 2.48 3.269137e-02 3.184675e-02 2.58
1144 2.534323e-03 2.577538e-03 1.71 4.285140e-02 4.202185e-02 1.94
1145 1.611400e-03 1.616069e-03 0.29 2.516855e-02 2.423830e-02 3.70
1149 2.241373e-03 2.175945e-03 2.92 4.110647e-02 3.953445e-02 3.82
1151 2.248504e-03 2.183814e-03 2.88 3.476307e-02 3.311970e-02 4.73
1153 2.438321e-03 2.406216e-03 1.32 4.288460e-02 4.170575e-02 2.75
1156 2.248738e-03 2.273736e-03 1.11 3.773195e-02 3.722488e-02 1.34
1157 2.193423e-03 2.187414e-03 0.27 4.217828e-02 4.091744e-02 2.99
1158 2.290324e-03 2.289274e-03 0.05 3.918910e-02 3.793885e-02 3.19
1163 2.778530e-03 2.731403e-03 1.70 4.951560e-02 4.705472e-02 4.97
1164 2.627812e-03 2.632178e-03 0.17 4.683360e-02 4.539322e-02 3.08
1168 2.281762e-03 2.275592e-03 0.27 3.718973e-02 3.657097e-02 1.66
1169 2.449063e-03 2.398588e-03 2.06 4.492547e-02 4.472105e-02 0.46
1170 2.428047e-03 2.473883e-03 1.89 4.743836e-02 4.569770e-02 3.67
1171 2.176636e-03 2.162489e-03 0.65 3.824065e-02 3.770975e-02 1.39
1173 1.726356e-03 1.768039e-03 2.41 2.877348e-02 2.845986e-02 1.09
1175 1.934910e-03 1.893009e-03 2.17 3.275755e-02 3.318991e-02 1.32
1176 2.022300e-03 2.103038e-03 3.99 3.765317e-02 3.701823e-02 1.69
1179 1.627437e-03 1.600279e-03 1.67 2.575981e-02 2.457786e-02 4.59
1185 2.068715e-03 2.044790e-03 1.16 3.407222e-02 3.320373e-02 2.55
1187 1.979796e-03 1.962595e-03 0.87 3.415027e-02 3.273817e-02 4.13
1190 1.943794e-03 1.907538e-03 1.87 3.410096e-02 3.354537e-02 1.63
1191 2.194470e-03 2.243598e-03 2.24 3.428996e-02 3.401442e-02 0.80
1194 2.134548e-03 2.160237e-03 1.20 4.107586e-02 3.907352e-02 4.87
1196 1.991507e-03 1.940530e-03 2.56 3.508218e-02 3.509816e-02 0.05
1210 2.249020e-03 2.249797e-03 0.03 3.725159e-02 3.668269e-02 1.53
1215 2.322269e-03 2.368074e-03 1.97 4.045498e-02 4.101058e-02 1.37
1216 2.386789e-03 2.400333e-03 0.57 4.250827e-02 4.188917e-02 1.46
1217 2.181894e-03 2.204593e-03 1.04 3.706239e-02 3.547147e-02 4.29
1218 1.959505e-03 2.046848e-03 4.46 3.331729e-02 3.372726e-02 1.23
1220 2.537378e-03 2.433418e-03 4.10 4.876854e-02 4.756904e-02 2.46
1221 2.115650e-03 2.136530e-03 0.99 3.525623e-02 3.464776e-02 1.73
1224 2.471091e-03 2.418807e-03 2.12 4.717116e-02 4.594682e-02 2.60
1226 2.061970e-03 2.071652e-03 0.47 3.482735e-02 3.311312e-02 4.92
1229 2.227556e-03 2.200913e-03 1.20 4.169762e-02 3.998750e-02 4.10
1237 2.110438e-03 2.123479e-03 0.62 3.693518e-02 3.615311e-02 2.12
1240 2.364267e-03 2.391757e-03 1.16 4.438834e-02 4.356301e-02 1.86
1241 2.263757e-03 2.262674e-03 0.05 4.270645e-02 4.065208e-02 4.81
1243 2.720429e-03 2.735777e-03 0.56 4.927939e-02 4.794248e-02 2.71
1246 2.664605e-03 2.599934e-03 2.43 4.874369e-02 4.642055e-02 4.77
1253 2.615124e-03 2.606996e-03 0.31 4.834736e-02 4.769504e-02 1.35
1257 2.462850e-03 2.512685e-03 2.02 4.715143e-02 4.492338e-02 4.73
1260 1.813472e-03 1.834698e-03 1.17 3.122999e-02 2.972894e-02 4.81
1261 2.546451e-03 2.578543e-03 1.26 4.515415e-02 4.405894e-02 2.43
1262 2.597521e-03 2.560116e-03 1.44 4.625645e-02 4.433963e-02 4.14
1268 2.599281e-03 2.701348e-03 3.93 4.657011e-02 4.640785e-02 0.35
1270 2.152196e-03 2.163703e-03 0.53 3.683855e-02 3.618595e-02 1.77
1272 1.563889e-03 1.591588e-03 1.77 2.270379e-02 2.201365e-02 3.04
1281 2.658284e-03 2.580836e-03 2.91 4.771478e-02 4.615094e-02 3.28
1285 2.684292e-03 2.645507e-03 1.44 5.028392e-02 4.794234e-02 4.66
1289 1.716265e-03 1.715446e-03 0.05 3.013677e-02 2.874121e-02 4.63
1290 2.085988e-03 2.125660e-03 1.90 3.620051e-02 3.569156e-02 1.41
1292 2.595452e-03 2.598617e-03 0.12 5.039829e-02 4.792281e-02 4.91
1297 2.316944e-03 2.265849e-03 2.21 4.292353e-02 4.104043e-02 4.39
1299 2.592989e-03 2.563429e-03 1.14 4.899175e-02 4.659803e-02 4.89
1302 2.479816e-03 2.460282e-03 0.79 4.574565e-02 4.384321e-02 4.16
1306 2.133021e-03 2.173605e-03 1.90 3.903470e-02 3.740679e-02 4.17
1309 2.309304e-03 2.307005e-03 0.10 4.015523e-02 4.022315e-02 0.17
1312 2.674852e-03 2.677033e-03 0.08 4.844890e-02 4.760493e-02 1.74
1314 2.364911e-03 2.318599e-03 1.96 4.039339e-02 4.115578e-02 1.89
1315 2.154643e-03 2.169693e-03 0.70 3.587705e-02 3.520004e-02 1.89
1317 2.664040e-03 2.683214e-03 0.72 4.888548e-02 4.660033e-02 4.67
1320 2.347927e-03 2.384339e-03 1.55 4.342327e-02 4.275699e-02 1.53
1322 2.277133e-03 2.340267e-03 2.77 4.329588e-02 4.289550e-02 0.92
1329 1.875293e-03 1.873293e-03 0.11 3.132388e-02 3.010459e-02 3.89
1330 2.005938e-03 2.024268e-03 0.91 3.429799e-02 3.303348e-02 3.69
1337 2.200766e-03 2.149737e-03 2.32 3.697314e-02 3.552222e-02 3.92
1338 1.817501e-03 1.790770e-03 1.47 3.047148e-02 2.987598e-02 1.95
1339 1.821886e-03 1.782338e-03 2.17 3.095277e-02 2.985722e-02 3.54
1340 1.932042e-03 1.895501e-03 1.89 2.788572e-02 2.661520e-02 4.56
1342 2.402423e-03 2.417623e-03 0.63 4.590453e-02 4.509517e-02 1.76
1343 2.276638e-03 2.298553e-03 0.96 4.461521e-02 4.255455e-02 4.62
1345 1.973656e-03 1.929116e-03 2.26 3.070761e-02 2.921301e-02 4.87
1346 3.053669e-03 3.022730e-03 1.01 5.600793e-02 5.322024e-02 4.98
1348 2.899538e-03 2.817167e-03 2.84 5.010529e-02 4.821171e-02 3.78
1349 2.301906e-03 2.405209e-03 4.49 4.582321e-02 4.560382e-02 0.48
1355 1.906480e-03 1.995410e-03 4.66 3.256398e-02 3.247544e-02 0.27
1356 2.291649e-03 2.359651e-03 2.97 4.107600e-02 4.152356e-02 1.09
1358 1.810945e-03 1.771007e-03 2.21 2.839334e-02 2.720693e-02 4.18
1359 1.994376e-03 2.013889e-03 0.98 3.669598e-02 3.578714e-02 2.48
1362 2.319944e-03 2.331857e-03 0.51 3.878725e-02 3.767044e-02 2.88
1363 2.351259e-03 2.325606e-03 1.09 3.789543e-02 3.791279e-02 0.05
1364 2.397228e-03 2.414133e-03 0.71 4.264093e-02 4.175672e-02 2.07
1365 2.644773e-03 2.569562e-03 2.84 4.992299e-02 4.923083e-02 1.39
1367 2.276294e-03 2.252464e-03 1.05 4.049519e-02 3.865956e-02 4.53
1368 1.819844e-03 1.828184e-03 0.46 2.858751e-02 2.716567e-02 4.97
1369 2.577674e-03 2.529063e-03 1.89 4.860146e-02 4.786748e-02 1.51
1370 2.526877e-03 2.552590e-03 1.02 4.769194e-02 4.600870e-02 3.53
1371 2.380382e-03 2.422778e-03 1.78 4.172872e-02 4.189579e-02 0.40
1374 2.373844e-03 2.358373e-03 0.65 4.415020e-02 4.234052e-02 4.10
1377 1.944681e-03 1.991937e-03 2.43 3.305951e-02 3.272172e-02 1.02
1381 2.141825e-03 2.049726e-03 4.30 3.871358e-02 3.878725e-02 0.19
1382 2.073837e-03 2.163139e-03 4.31 3.876378e-02 3.847381e-02 0.75
1384 2.402913e-03 2.430909e-03 1.17 4.580062e-02 4.380124e-02 4.37
1385 2.198873e-03 2.198728e-03 0.01 3.851278e-02 3.685671e-02 4.30
1389 1.937135e-03 1.897442e-03 2.05 3.283872e-02 3.196629e-02 2.66
1392 2.305337e-03 2.389485e-03 3.65 4.109042e-02 4.084119e-02 0.61
1393 2.085648e-03 2.081280e-03 0.21 3.727841e-02 3.572595e-02 4.16
1394 2.519042e-03 2.527389e-03 0.33 4.984639e-02 4.898883e-02 1.72
1399 2.155611e-03 2.110413e-03 2.10 3.678000e-02 3.639464e-02 1.05
1400 2.167536e-03 2.199448e-03 1.47 4.172442e-02 4.074197e-02 2.35
1406 2.563325e-03 2.511325e-03 2.03 4.926066e-02 4.681189e-02 4.97
1407 2.480242e-03 2.475271e-03 0.20 4.236169e-02 4.042026e-02 4.58
1411 1.908619e-03 1.884905e-03 1.24 3.009090e-02 2.949282e-02 1.99
1412 2.378166e-03 2.369024e-03 0.38 4.118026e-02 3.958497e-02 3.87
1413 2.664146e-03 2.564403e-03 3.74 4.795574e-02 4.607213e-02 3.93
1415 2.324865e-03 2.317051e-03 0.34 4.158818e-02 3.959245e-02 4.80
1416 1.733027e-03 1.731956e-03 0.06 2.858615e-02 2.721794e-02 4.79
1417 2.376167e-03 2.405384e-03 1.23 4.345976e-02 4.257418e-02 2.04
1418 2.244820e-03 2.196813e-03 2.14 4.031021e-02 3.977495e-02 1.33
1419 1.960893e-03 1.964877e-03 0.20 3.327670e-02 3.280722e-02 1.41
1423 2.505832e-03 2.553863e-03 1.92 4.541476e-02 4.461221e-02 1.77
1431 2.291732e-03 2.312759e-03 0.92 3.978149e-02 3.903315e-02 1.88
1434 2.556609e-03 2.520186e-03 1.42 4.793553e-02 4.578742e-02 4.48
1440 2.238748e-03 2.329646e-03 4.06 3.859193e-02 3.935289e-02 1.97
1442 2.288127e-03 2.343634e-03 2.43 4.353653e-02 4.268080e-02 1.97
1443 2.458141e-03 2.491398e-03 1.35 4.539138e-02 4.403313e-02 2.99
1446 1.946177e-03 1.910600e-03 1.83 3.154321e-02 3.072270e-02 2.60
1447 2.535913e-03 2.586163e-03 1.98 4.688003e-02 4.476748e-02 4.51
1448 2.386092e-03 2.422781e-03 1.54 4.435590e-02 4.242330e-02 4.36
1450 2.082271e-03 2.068102e-03 0.68 3.239693e-02 3.248454e-02 0.27
1452 2.679477e-03 2.664739e-03 0.55 5.151051e-02 4.957287e-02 3.76
1456 1.896674e-03 1.913006e-03 0.86 3.256004e-02 3.101295e-02 4.75
1457 2.427567e-03 2.459303e-03 1.31 4.318161e-02 4.164660e-02 3.55
1460 1.667228e-03 1.665612e-03 0.10 2.363057e-02 2.291045e-02 3.05
1462 2.498057e-03 2.525331e-03 1.09 4.264927e-02 4.210806e-02 1.27
1464 2.523095e-03 2.526160e-03 0.12 4.513806e-02 4.310374e-02 4.51
1465 2.167623e-03 2.186215e-03 0.86 3.766779e-02 3.776800e-02 0.27
1468 1.941714e-03 1.998140e-03 2.91 3.415826e-02 3.305967e-02 3.22
1472 2.313423e-03 2.351431e-03 1.64 4.382641e-02 4.369976e-02 0.29
1474 2.598991e-03 2.570635e-03 1.09 4.549064e-02 4.387962e-02 3.54
1475 1.765606e-03 1.773706e-03 0.46 3.143861e-02 3.061516e-02 2.62
1476 1.887036e-03 1.864560e-03 1.19 2.987385e-02 2.897354e-02 3.01
1478 2.381334e-03 2.444873e-03 2.67 4.320090e-02 4.215343e-02 2.42
1481 1.986717e-03 1.950400e-03 1.83 3.550181e-02 3.432987e-02 3.30
1482 1.664748e-03 1.629376e-03 2.12 2.848277e-02 2.748836e-02 3.49
1486 2.455222e-03 2.518139e-03 2.56 4.761452e-02 4.741781e-02 0.41
1494 1.992258e-03 2.014419e-03 1.11 3.559739e-02 3.452137e-02 3.02
1496 2.286389e-03 2.232592e-03 2.35 4.117023e-02 3.979923e-02 3.33
1499 2.126529e-03 2.109217e-03 0.81 3.481940e-02 3.359364e-02 3.52
1500 1.848736e-03 1.855307e-03 0.36 3.103407e-02 2.963108e-02 4.52
1502 2.098851e-03 2.069978e-03 1.38 3.524780e-02 3.353497e-02 4.86
1504 1.732029e-03 1.731821e-03 0.01 2.811033e-02 2.676412e-02 4.79
1505 2.063239e-03 2.060019e-03 0.16 3.410801e-02 3.325103e-02 2.51
1506 2.941626e-03 2.956215e-03 0.50 5.339914e-02 5.141842e-02 3.71
1509 2.142460e-03 2.195076e-03 2.46 3.867330e-02 3.745011e-02 3.16
1511 2.533734e-03 2.524625e-03 0.36 4.639753e-02 4.478010e-02 3.49
1513 2.396971e-03 2.423493e-03 1.11 4.298040e-02 4.101868e-02 4.56
1514 2.529405e-03 2.517173e-03 0.48 4.698995e-02 4.535085e-02 3.49
1517 2.104540e-03 2.098871e-03 0.27 3.072983e-02 3.059751e-02 0.43
1518 2.163386e-03 2.131292e-03 1.48 3.882580e-02 3.726879e-02 4.01
1521 2.208944e-03 2.267934e-03 2.67 4.211525e-02 4.041090e-02 4.05
1526 2.545390e-03 2.551701e-03 0.25 4.611930e-02 4.405729e-02 4.47
1528 2.041524e-03 2.065526e-03 1.18 3.650596e-02 3.559562e-02 2.49
1529 2.248265e-03 2.302474e-03 2.41 4.063565e-02 4.020190e-02 1.07
1534 2.148175e-03 2.194681e-03 2.16 3.834916e-02 3.653974e-02 4.72
1537 1.884097e-03 1.825761e-03 3.10 2.918807e-02 2.791646e-02 4.36
1538 1.934991e-03 1.932600e-03 0.12 3.421970e-02 3.341727e-02 2.34
1544 2.375252e-03 2.411614e-03 1.53 4.371898e-02 4.170181e-02 4.61
1545 2.159037e-03 2.217496e-03 2.71 3.988979e-02 3.924657e-02 1.61
1547 1.729901e-03 1.751246e-03 1.23 2.982571e-02 2.877336e-02 3.53
1549 2.702079e-03 2.748768e-03 1.73 5.104723e-02 4.900361e-02 4.00
1554 2.898579e-03 2.784350e-03 3.94 5.386516e-02 5.137603e-02 4.62
1555 2.520135e-03 2.581919e-03 2.45 4.501260e-02 4.326107e-02 3.89
1556 2.548550e-03 2.577936e-03 1.15 4.251479e-02 4.217736e-02 0.79
1557 2.066914e-03 2.131050e-03 3.10 3.530893e-02 3.495385e-02 1.01
1559 2.503396e-03 2.533497e-03 1.20 4.708765e-02 4.642098e-02 1.42
1562 2.233270e-03 2.263076e-03 1.33 3.942100e-02 3.765392e-02 4.48
1568 2.504280e-03 2.481951e-03 0.89 4.538947e-02 4.380121e-02 3.50
1569 1.748998e-03 1.759888e-03 0.62 2.821644e-02 2.773062e-02 1.72
1572 2.611231e-03 2.603162e-03 0.31 4.781329e-02 4.667693e-02 2.38
1574 2.785692e-03 2.798634e-03 0.46 5.050188e-02 4.811677e-02 4.72
1575 2.429083e-03 2.407048e-03 0.91 3.907507e-02 3.817106e-02 2.31
1579 2.816262e-03 2.780033e-03 1.29 5.068405e-02 4.871141e-02 3.89
1581 2.467186e-03 2.408294e-03 2.39 4.218839e-02 4.020914e-02 4.69
1582 1.869705e-03 1.820835e-03 2.61 2.837168e-02 2.732445e-02 3.69
1591 1.923325e-03 1.917569e-03 0.30 3.309337e-02 3.186040e-02 3.73
1593 2.401407e-03 2.353290e-03 2.00 4.064244e-02 4.006552e-02 1.42
1594 1.621986e-03 1.631986e-03 0.62 2.428682e-02 2.340086e-02 3.65
1596 1.706367e-03 1.698816e-03 0.44 2.710199e-02 2.665402e-02 1.65
1599 2.028861e-03 2.057090e-03 1.39 3.417354e-02 3.265726e-02 4.44
1600 2.686794e-03 2.709316e-03 0.84 5.073761e-02 4.920122e-02 3.03
1601 2.755619e-03 2.653520e-03 3.71 4.990188e-02 4.801760e-02 3.78
1602 2.374771e-03 2.354179e-03 0.87 4.175338e-02 3.968083e-02 4.96
1603 2.469909e-03 2.485386e-03 0.63 4.476068e-02 4.376814e-02 2.22
1604 2.399086e-03 2.311247e-03 3.66 4.173909e-02 3.985306e-02 4.52
1605 2.256932e-03 2.268428e-03 0.51 3.943807e-02 3.943993e-02 0.00
1613 2.016817e-03 2.021852e-03 0.25 3.067398e-02 3.059342e-02 0.26
1614 2.176255e-03 2.130006e-03 2.13 3.851200e-02 3.748094e-02 2.68
1618 2.172416e-03 2.217521e-03 2.08 3.596026e-02 3.592011e-02 0.11
1619 2.268518e-03 2.240553e-03 1.23 4.044717e-02 3.906334e-02 3.42
1622 2.135451e-03 2.200378e-03 3.04 3.831670e-02 3.658870e-02 4.51
1630 2.409805e-03 2.422430e-03 0.52 4.414186e-02 4.318580e-02 2.17
1631 1.901866e-03 1.916604e-03 0.77 3.218213e-02 3.107700e-02 3.43
1633 2.757520e-03 2.693772e-03 2.31 5.329065e-02 5.198638e-02 2.45
1635 1.395581e-03 1.352675e-03 3.07 2.069857e-02 1.974870e-02 4.59
1637 2.649201e-03 2.653823e-03 0.17 4.867501e-02 4.741955e-02 2.58
1639 2.792578e-03 2.723277e-03 2.48 4.614570e-02 4.500977e-02 2.46
1640 1.777306e-03 1.784576e-03 0.41 2.580379e-02 2.484680e-02 3.71
1641 1.543524e-03 1.493219e-03 3.26 2.289720e-02 2.208513e-02 3.55
1643 2.138120e-03 2.141263e-03 0.15 3.792332e-02 3.774476e-02 0.47
1645 2.204940e-03 2.102963e-03 4.62 3.648313e-02 3.531018e-02 3.22
1646 2.382694e-03 2.354322e-03 1.19 4.191754e-02 4.014642e-02 4.23
1650 2.758026e-03 2.731428e-03 0.96 5.024447e-02 4.795998e-02 4.55
1651 1.589282e-03 1.621257e-03 2.01 2.653497e-02 2.582646e-02 2.67
1653 2.579545e-03 2.577790e-03 0.07 4.681169e-02 4.454196e-02 4.85
1654 2.499750e-03 2.444794e-03 2.20 4.447165e-02 4.360368e-02 1.95
1658 2.075703e-03 2.066460e-03 0.45 3.598108e-02 3.485381e-02 3.13
1659 2.525224e-03 2.567075e-03 1.66 4.651515e-02 4.517688e-02 2.88
1660 3.020291e-03 3.025793e-03 0.18 5.488426e-02 5.224860e-02 4.80
1661 2.405619e-03 2.355945e-03 2.06 4.460452e-02 4.241061e-02 4.92
1663 2.079243e-03 2.101403e-03 1.07 3.709892e-02 3.708160e-02 0.05
1664 2.607874e-03 2.554863e-03 2.03 4.498250e-02 4.335580e-02 3.62
1665 2.105578e-03 2.081434e-03 1.15 3.458581e-02 3.372398e-02 2.49
1668 2.314806e-03 2.335106e-03 0.88 3.965650e-02 3.986916e-02 0.54
1669 2.835994e-03 2.805689e-03 1.07 5.059867e-02 4.881154e-02 3.53
1670 1.773167e-03 1.788596e-03 0.87 3.070847e-02 2.932199e-02 4.51
1674 1.851591e-03 1.820663e-03 1.67 3.119338e-02 3.036250e-02 2.66
1675 2.454341e-03 2.483893e-03 1.20 4.436753e-02 4.333795e-02 2.32
1677 2.112738e-03 2.133761e-03 1.00 3.651397e-02 3.578777e-02 1.99
1683 2.265684e-03 2.257924e-03 0.34 4.044559e-02 3.937577e-02 2.65
1684 2.033492e-03 2.038716e-03 0.26 3.332362e-02 3.275792e-02 1.70
1685 2.039702e-03 2.031396e-03 0.41 3.273118e-02 3.136799e-02 4.16
1686 2.176195e-03 2.243669e-03 3.10 3.945480e-02 3.958882e-02 0.34
1689 2.299260e-03 2.256721e-03 1.85 3.562965e-02 3.470983e-02 2.58
1690 2.534087e-03 2.466861e-03 2.65 4.375743e-02 4.166578e-02 4.78
1692 2.408985e-03 2.455581e-03 1.93 4.189691e-02 4.146928e-02 1.02
1693 2.706700e-03 2.701481e-03 0.19 4.568196e-02 4.490939e-02 1.69
1696 2.471604e-03 2.513831e-03 1.71 4.357693e-02 4.296030e-02 1.42
1698 1.866572e-03 1.809958e-03 3.03 3.209781e-02 3.107128e-02 3.20
1700 1.946241e-03 1.935995e-03 0.53 3.123289e-02 3.004268e-02 3.81
1701 2.110914e-03 2.146174e-03 1.67 3.717645e-02 3.605258e-02 3.02
1702 2.502003e-03 2.534813e-03 1.31 4.667847e-02 4.507462e-02 3.44
1703 2.707221e-03 2.662677e-03 1.65 4.918315e-02 4.714047e-02 4.15
1705 2.721170e-03 2.681443e-03 1.46 5.282142e-02 5.069817e-02 4.02
1712 2.390174e-03 2.369289e-03 0.87 3.925472e-02 3.901059e-02 0.62
1713 2.053326e-03 2.042312e-03 0.54 3.563648e-02 3.415416e-02 4.16
1715 2.606690e-03 2.571566e-03 1.35 5.103138e-02 4.858716e-02 4.79
1718 1.984876e-03 1.972845e-03 0.61 3.574402e-02 3.444800e-02 3.63
1719 1.935293e-03 1.903659e-03 1.63 2.799321e-02 2.729903e-02 2.48
1720 2.372327e-03 2.366105e-03 0.26 4.195928e-02 4.142500e-02 1.27
1721 2.732099e-03 2.706944e-03 0.92 4.824068e-02 4.667172e-02 3.25
1722 2.226269e-03 2.216735e-03 0.43 3.683942e-02 3.597098e-02 2.36
1724 2.413539e-03 2.334782e-03 3.26 3.985810e-02 3.794150e-02 4.81
1726 2.296093e-03 2.224883e-03 3.10 4.146984e-02 3.947485e-02 4.81
1728 2.034819e-03 2.051934e-03 0.84 3.453099e-02 3.403665e-02 1.43
1731 2.477697e-03 2.419055e-03 2.37 4.353187e-02 4.164899e-02 4.33
1732 2.255848e-03 2.295198e-03 1.74 3.777258e-02 3.623783e-02 4.06
1733 2.320475e-03 2.323228e-03 0.12 4.182665e-02 4.047802e-02 3.22
1739 2.188070e-03 2.157408e-03 1.40 3.887061e-02 3.795973e-02 2.34
1743 1.743311e-03 1.707087e-03 2.08 3.111619e-02 2.986487e-02 4.02
1744 2.324253e-03 2.355619e-03 1.35 4.275149e-02 4.254136e-02 0.49
1745 1.915918e-03 1.912144e-03 0.20 3.463502e-02 3.339578e-02 3.58
1746 2.451175e-03 2.450525e-03 0.03 4.632075e-02 4.467020e-02 3.56
1747 1.943262e-03 1.929708e-03 0.70 3.256050e-02 3.095920e-02 4.92
1750 1.811725e-03 1.782971e-03 1.59 2.621663e-02 2.572638e-02 1.87
1752 2.798021e-03 2.811186e-03 0.47 5.136925e-02 4.885997e-02 4.88
1753 1.667357e-03 1.681934e-03 0.87 2.836166e-02 2.737315e-02 3.49
1754 2.108803e-03 2.186737e-03 3.70 3.776664e-02 3.815942e-02 1.04
1756 2.058452e-03 2.034064e-03 1.18 3.955381e-02 3.819356e-02 3.44
1758 2.167267e-03 2.202035e-03 1.60 3.845235e-02 3.765348e-02 2.08
1760 1.831388e-03 1.857931e-03 1.45 3.053042e-02 2.963174e-02 2.94
1763 1.882529e-03 1.861248e-03 1.13 3.384722e-02 3.254305e-02 3.85
1765 2.306342e-03 2.339925e-03 1.46 4.057578e-02 4.000951e-02 1.40
1768 2.080746e-03 2.091226e-03 0.50 3.548445e-02 3.516586e-02 0.90
1770 1.657806e-03 1.610567e-03 2.85 2.689876e-02 2.568153e-02 4.53
1771 1.638359e-03 1.636988e-03 0.08 2.716293e-02 2.621870e-02 3.48
1772 2.183110e-03 2.200479e-03 0.80 3.833886e-02 3.746781e-02 2.27
1774 2.637799e-03 2.669909e-03 1.22 4.867344e-02 4.791769e-02 1.55
1776 2.473859e-03 2.510396e-03 1.48 4.530245e-02 4.376231e-02 3.40
1777 1.854935e-03 1.881296e-03 1.42 3.131411e-02 3.095749e-02 1.14
1783 2.179388e-03 2.208718e-03 1.35 3.923726e-02 3.778892e-02 3.69
1786 1.691860e-03 1.686656e-03 0.31 2.535357e-02 2.553467e-02 0.71
1789 2.590710e-03 2.585692e-03 0.19 4.705845e-02 4.554183e-02 3.22
1792 2.229002e-03 2.281621e-03 2.36 4.066016e-02 3.878434e-02 4.61
1793 2.540744e-03 2.569200e-03 1.12 4.690881e-02 4.508256e-02 3.89
1794 2.023181e-03 1.986472e-03 1.81 2.729822e-02 2.600740e-02 4.73
1796 2.191863e-03 2.140771e-03 2.33 3.664665e-02 3.575361e-02 2.44
1797 2.292390e-03 2.301584e-03 0.40 4.045969e-02 3.876081e-02 4.20
1798 1.896286e-03 1.865614e-03 1.62 2.704023e-02 2.638139e-02 2.44
1801 1.903941e-03 1.888918e-03 0.79 3.060534e-02 2.949493e-02 3.63
1803 2.736251e-03 2.682102e-03 1.98 4.901198e-02 4.761950e-02 2.84
1806 1.918337e-03 1.903905e-03 0.75 3.037187e-02 2.946997e-02 2.97
1808 1.602695e-03 1.629623e-03 1.68 2.269109e-02 2.228951e-02 1.77
1809 2.747222e-03 2.776576e-03 1.07 4.999537e-02 4.827671e-02 3.44
1812 2.278220e-03 2.269957e-03 0.36 4.325317e-02 4.139763e-02 4.29
1815 1.685610e-03 1.714693e-03 1.73 2.396974e-02 2.381427e-02 0.65
1819 2.705130e-03 2.658369e-03 1.73 4.943162e-02 4.698910e-02 4.94
1820 2.856013e-03 2.779537e-03 2.68 4.896310e-02 4.675893e-02 4.50
1821 2.255384e-03 2.230101e-03 1.12 4.107621e-02 3.960953e-02 3.57
1822 2.833195e-03 2.766056e-03 2.37 5.018132e-02 4.799058e-02 4.37
1823 2.454854e-03 2.498972e-03 1.80 4.355606e-02 4.159220e-02 4.51
1826 1.862869e-03 1.857920e-03 0.27 3.016274e-02 3.030518e-02 0.47
1829 2.540147e-03 2.552480e-03 0.49 4.569374e-02 4.392009e-02 3.88
1832 2.292401e-03 2.237435e-03 2.40 3.801136e-02 3.612271e-02 4.97
1837 1.839344e-03 1.855651e-03 0.89 3.414698e-02 3.297697e-02 3.43
1841 2.054195e-03 2.039487e-03 0.72 3.690256e-02 3.550581e-02 3.78
1842 2.499330e-03 2.486667e-03 0.51 4.119636e-02 3.980663e-02 3.37
1844 2.439681e-03 2.425334e-03 0.59 4.102632e-02 3.908101e-02 4.74
1845 2.335773e-03 2.292382e-03 1.86 3.911270e-02 3.731152e-02 4.61
1848 1.714067e-03 1.748134e-03 1.99 3.038789e-02 2.916709e-02 4.02
1849 1.892144e-03 1.872937e-03 1.02 3.260209e-02 3.171266e-02 2.73
1851 2.534065e-03 2.576156e-03 1.66 4.773296e-02 4.673463e-02 2.09
1852 2.202446e-03 2.236489e-03 1.55 3.710414e-02 3.614707e-02 2.58
1853 2.408805e-03 2.301626e-03 4.45 4.067703e-02 4.001511e-02 1.63
1854 2.715926e-03 2.651846e-03 2.36 4.750633e-02 4.599054e-02 3.19
1863 2.679920e-03 2.718740e-03 1.45 5.260124e-02 5.003416e-02 4.88
1866 1.988021e-03 2.069004e-03 4.07 3.534801e-02 3.475631e-02 1.67
1867 2.198030e-03 2.208166e-03 0.46 3.761844e-02 3.714922e-02 1.25
1875 2.147938e-03 2.155534e-03 0.35 3.558063e-02 3.500910e-02 1.61
1882 2.383678e-03 2.358566e-03 1.05 4.138667e-02 4.025847e-02 2.73
1883 2.535054e-03 2.498850e-03 1.43 4.608899e-02 4.430264e-02 3.88
1887 2.603463e-03 2.570236e-03 1.28 5.037460e-02 4.829925e-02 4.12
1892 2.361997e-03 2.352780e-03 0.39 4.331010e-02 4.215859e-02 2.66
1893 2.464450e-03 2.442113e-03 0.91 4.299374e-02 4.164263e-02 3.14
1895 2.285721e-03 2.313241e-03 1.20 4.159546e-02 4.004464e-02 3.73
1896 1.300980e-03 1.290843e-03 0.78 1.906625e-02 1.821213e-02 4.48
1897 1.852984e-03 1.916882e-03 3.45 3.230101e-02 3.187625e-02 1.31
1898 2.155652e-03 2.165032e-03 0.44 3.896651e-02 3.728866e-02 4.31
1899 2.256536e-03 2.299351e-03 1.90 4.165419e-02 3.979315e-02 4.47
1902 2.237586e-03 2.221527e-03 0.72 3.849990e-02 3.797092e-02 1.37
1906 1.945829e-03 1.952066e-03 0.32 3.267644e-02 3.240385e-02 0.83
1907 2.580351e-03 2.529277e-03 1.98 4.973940e-02 4.783322e-02 3.83
1912 1.709967e-03 1.700459e-03 0.56 2.448501e-02 2.363735e-02 3.46
1914 2.447959e-03 2.429955e-03 0.74 4.125033e-02 3.989360e-02 3.29
1915 2.361972e-03 2.361971e-03 0.00 4.061865e-02 3.884553e-02 4.37
1916 2.521236e-03 2.534024e-03 0.51 4.742163e-02 4.641056e-02 2.13
1919 2.493560e-03 2.469340e-03 0.97 4.556980e-02 4.379018e-02 3.91
1920 1.964746e-03 1.903891e-03 3.10 3.286264e-02 3.156861e-02 3.94
1921 2.794438e-03 2.787789e-03 0.24 5.008422e-02 4.777840e-02 4.60
1926 2.133892e-03 2.202395e-03 3.21 3.709494e-02 3.726686e-02 0.46
1927 2.064262e-03 2.089905e-03 1.24 3.630151e-02 3.462661e-02 4.61
1929 2.360993e-03 2.247249e-03 4.82 4.144847e-02 3.984936e-02 3.86
1932 2.195813e-03 2.191640e-03 0.19 3.780584e-02 3.646288e-02 3.55
1933 2.140459e-03 2.132033e-03 0.39 3.375628e-02 3.328262e-02 1.40
1934 2.448814e-03 2.473718e-03 1.02 4.126414e-02 3.968077e-02 3.84
1935 2.714048e-03 2.668767e-03 1.67 4.928030e-02 4.742724e-02 3.76
1937 2.655233e-03 2.640106e-03 0.57 4.905990e-02 4.854520e-02 1.05
1939 1.560699e-03 1.527887e-03 2.10 2.312913e-02 2.227689e-02 3.68
1944 2.373486e-03 2.358566e-03 0.63 4.486527e-02 4.379100e-02 2.39
1949 2.586993e-03 2.622495e-03 1.37 4.851673e-02 4.612419e-02 4.93
1952 2.302699e-03 2.299470e-03 0.14 3.777550e-02 3.639138e-02 3.66
1953 1.785858e-03 1.717523e-03 3.83 2.711740e-02 2.596336e-02 4.26
1954 2.289422e-03 2.252322e-03 1.62 3.768764e-02 3.590444e-02 4.73
1955 1.943002e-03 1.925800e-03 0.89 3.273094e-02 3.118510e-02 4.72
1959 1.774680e-03 1.777957e-03 0.18 3.061685e-02 2.995185e-02 2.17
1961 1.970909e-03 1.930411e-03 2.05 3.086392e-02 3.123080e-02 1.19
1964 2.146641e-03 2.176807e-03 1.41 3.644764e-02 3.582581e-02 1.71
1967 2.565526e-03 2.596075e-03 1.19 4.904434e-02 4.669665e-02 4.79
1968 1.718287e-03 1.709851e-03 0.49 2.911885e-02 2.901533e-02 0.36
1971 2.652668e-03 2.612472e-03 1.52 4.766096e-02 4.530266e-02 4.95
1973 2.492872e-03 2.446660e-03 1.85 4.428535e-02 4.411794e-02 0.38
1975 2.644480e-03 2.658476e-03 0.53 4.904516e-02 4.682555e-02 4.53
1979 2.202316e-03 2.115822e-03 3.93 3.355038e-02 3.443040e-02 2.62
1983 2.775102e-03 2.758053e-03 0.61 5.069487e-02 4.891884e-02 3.50
1985 2.116162e-03 2.152084e-03 1.70 3.632537e-02 3.465080e-02 4.61
1988 2.699836e-03 2.575081e-03 4.62 5.035348e-02 4.798437e-02 4.70
1992 2.240250e-03 2.254015e-03 0.61 3.886801e-02 3.779302e-02 2.77
1993 2.224924e-03 2.220684e-03 0.19 3.775552e-02 3.677930e-02 2.59
1998 2.202292e-03 2.231616e-03 1.33 3.744807e-02 3.678878e-02 1.76
